$ANSIBLE_VAULT;1.1;AES256
36316432393731653533613235326237383031303431333764353430366231666264633462333836
6336313739396561646238333737316435653731306263310a333438303962633431366230363336
32333034316361313462306534323561386532613038396562633530373634646565306231663839
3738633561396533390a366134623431393266343961323830646636386530373535353966643031
65646464306166343866323964376338316237653563336538393132396330643664353461616434
65636538363132643331623036333330666434383636396265613664336539633034633636316333
63396634393830613436303130323931636638386664626164396438623731306634346239656532
33366437613265316465633063626132613836663135313936653539343139356561633663643531
38323464343132333837396466306436353939303165323230303963376530356335326137363537
38313266386665633534353766633930333964313131393137333335343466636338353630303264
38616439646331326663616663633666396138353532363330636335353231633234316130343538
39343037613736616565633362363362306166373865383439303637373530376131633464363637
37666565663236646339393238633335333237346535373339313566323734613762663739353465
31323266623231393532353331656162333866333339623364393436633039363666613635633834
63356339313133356630626362383037353133373537333533383361323763323137626338376666
37616333366130633064396131363739343735663664333564343663653531373361656366393063
39616162633230653862616235396630386662343430373165333430393431363031336464313764
39316331363230333530643034393036626237366433666265616130316361643162323432386264
64633836306166633534383261303834633437633733303331616333643531663639616365613838
31356264653539333765313266333361303930353361393664616332616137393336343937633963
63663434623463326134623531646462326530626136393565626165336535353066663530346362
36356639616338353235323763346330666539653438636562373239366330346630613434313962
33336637653632343434646133343965396437383432316636333332626162373530353631363630
66323233333231396235623638333865623765366132393738616438343331373462643332373039
37316466656231313161613633646261376634373664633132343136316161383231613263613766
30326134303462613464393538373062323065316238336139623364666633613366383239353738
33626263346234613938383334663165633931323235653030613161356363616436353437326665
34346536666536343830323064373663616365313132633066376137393031663038306463363330
64613437633462396636623939373763313861656638313862663762333466653762386536663030
39633435646565373565636563323136376639326638666337643436633536323563376264616132
31323531383331383532333136626438393331623363613132663232633034666664613331663961
33303232646662356136613364336161326335316438343536313132623135303034653633356163
66333865343933346665376163323463313064373436353032383330633338376436313737616665
62653362336366623838626661333934323735666137303634323663663038393836656638306232
32306461313735396135363963346262626630373931386138373838373062326361343264316130
30303165303033303436343066313832303836346466396636613834323035353239386536616639
35653530663161376132623439353061616365316666653462643665306430636437656664613335
37363161376539386264646265373832313436346236656436333161376466346534373663633331
61366363646462323965373238326634393464333738646533373764656532373837636234613837
31623563333231663561353733653564656465656335343061386439343832313038663065363830
66653765343061323831316361306361333136303737353430636534353339643165623062313834
38353164386637646635313438613436636333353066623033356235386565643839303464386131
34383534333834346136303663646136373536653663363833366165363631353662366632313532
63363666346638353133613933643664323634323761633234613038386162323665366335323334
64653162653637613533343430373263326161646164353765646133386664316532333137393164
63303430333333353235383233333630623537663464666339346636343331373464336663613964
63616666333363663933353931636362623062633062303733353430653961643465313339643831
32656533636130306566393735303036633163643330383835303837343764336237613533396539
62616333343034373736646561616464373261373437653662306137623433663332316366316539
63653735633662653435643562663835613730343465383965303064336137623437636233303762
36653431646336636332386161666133343265643532363965643337633832613165613432633763
38383334356463633434626663363061393661313962643634386161386239383038336134663431
33373737303132386430393964306239323138393762386637373732313565393338343834636434
31636230393966616337383933386337336233353965663437383565613038303334326365633239
39396163646461613637313632316132336166363435323232346633623162343736303064366136
32346333633430386562613637633035366264333163343832336232383236363662383465353538
66356330376266336561393465393131353165396335613534666138353331393031656136636134
63313661653235663633623863373239633665386238373433623965303836623234646639633032
35613031313936663232363765643738363562323432373038336461363036613433303564636532
62353866393466323433653866336436373138353439656531633136313737396165383230363032
34336130656437346661316438326262346665663964393261336439316339613839323462626365
37666165393730643134316637383933373263336136303861383363353063366365303336386130
32663161363566666335323831376262333237636232623333373936663662363632346238306464
34643338316532626337636139663032373666633934366234393134326336393931623833373634
36353762333334373435663732376133623830326333383439323664663462653635333138356161
66323631653630626236323430323037353466303964353236363764303531373963376262333038
61613738336666646236343538363462393964333638323537396266653839656439653661346437
66333138323266643838656538306233336464613630386631663234653361663337356561626463
30333461306630663331656462623834313036363832373961643637616134383139336163386562
32623763396366316635626539646332643161343638333232333162353139653935616136663566
63663266613437316539363836333062303230346364313734666637326130373538396435313437
39656266313461326139323966353639613032376230626137363937616665323265383862643763
39313337613637346665303161386231316234303665363631623934383839313032613161346666
31363934353036323833326666323337376534383462616334306134643631346132333034323463
36633438366133616238386236303937303934333766343961386232626262383633386137343737
61303062393935656565653434306362393366623066353234353932316535313937333761323165
36626138383466613463623633373762383865643630383365363439333764326337633439656565
64623732613435386661393134343465343763306561356635353330616233303134373563356462
30656363383635643030363762363963346431326265626266383635623531303039313530626530
38616363623432303135643965636161303934353766333930656465323532613931613833653536
37326335353130343666643438363035646539343036343562303737383032353137343163313335
65376231353530313261313666366666373964313630393163653466373365633162646166383564
32663233313036373261366138303762306663363461653839613930623765313866626130613566
34616439386133666462633066613135393538376263366463343832663237653532356662306238
38656661376233613762613230393565306364313738643563303138353134393363623230666265
38373539336531303037303532643665313566313065306461616136616534316635396661383365
33353231393465333634333730393837633134643639313363313737623365346338626435663962
64633332373036303639313533353163643362303036656361623637356434633636623131656663
66396564623861306530633366316339653962376364373539643737663038373237353237343330
38333936646232313963363437643433363731346339633735626239303836316233643363353765
36656433343161313035376438613364353333633461363538313633383238393932356537623763
34656533343338346539326638313731346132313366366262633533336630666431613336336263
33643463333737383562333736316261626537613536616636323337323961383030393039616238
62373831376634363065633865316239346138646131363466336565666539626266663633323962
63636635313139396631376539356266313239666232376234626563623634393662623931376463
63663362383338646661623533376264376332666634333033343831653233616462363530396463
34623837633231326164366232653030336130396565363863343538346361613638363834366132
33623535353964623365306165366639303136346537383963363733353465336630616563656532
38333530366663633262663364306538636135633334326662633564633564383837346232383762
31396537626633356665373239306630633638376263363064326661363065623464383838633936
63333732323337346238393563356361633339383062663330333365333630383031626566643765
38613262623562626564613030383335313863326366333365316233386666396236343061373234
31343039386332353661616536633438326535306533303132313935396235356163306566303031
31313364633133313564346330376332343437363831663130396334376464363034626161653837
36326537303332386166323431306236653332616330636163626130613039363164333236626162
62656234356336353237336132306161613435636230326461303161353362653465653831393932
63346461643565393766636435303335636234643163393937356330626536326435633664313761
39323734326466393566356364353739383338353933303635613536643236333937383235376537
34653061383434663535373461393261633638383061633539663462336537356238386230626431
36616436316137653762393936393165663636333733366465663866303635653161646130313635
31663362666237373264653331373332363937373435333237383136616433653137373832346566
33353031376135383866336138626632346637393032633462373434313134326537353230373064
63343337373838343963646234623933343831393638316337613437383131316537616337306232
65363464616565646531336361356631626635613036636636653563623764633061306436643638
61386435346133333966653436393034623861663339653239396362646461373830646331383931
62313130623136386565313532646439356635613036343539363833653737303062646566313163
34633361656466383738393034363830613334393439386430613636366363353632373865353266
30363964333133353031303533343431333937326233346233653736376234316239313865346434
35666334356661373039653063373563633732356666343961363361646664666331363732356232
35643664383262353735376561613836666438333362353263386638373036316234383732333964
37326632323938386635323132316466376538383866636230333237373338386533646566663931
62333130386331623134666261363863333265663037613538626165303433383862633036613362
62326534316662393333326532383965333931343064646531613834333866646130616536646431
62323138613965646538623438623532316538363031663634313963663532373539343932393233
37333963373935393462656530343835303935623534646339396534663762306535353034333630
35333039653737356165653236653437643766623066353530396134373832636137613761663137
36633533656432323237386463303639636461323862303633363131373162303533383766343030
38646631613934666139366239633235333864623931393664336666313464336332383566616265
32623463333236336565663532633563363235633430356665356235366438616130653631386362
64393666343066363531313335363737333163663763303238393435643934663938636563393632
33396534313134393230393161346330343739313132653465333237653537316332616565633735
64323136376463303230633734646637326138373765316336646265633665653861323239623536
31643066326662656231396234346631306561313163623264373339303065303431336164313964
66656466333564633833303934383931356564313536306437616265356235396537323938336537
63383231373736353230383735623961626130636335313366653130663531663563316334666531
39646631383237663562303066643363303563336135393562303136383035333833623034383064
64663835306537653338626266653138363633326264396232343734373435633533616433316262
64303961306664643335613435626637626662366136393661666636353261376561613064623163
30386234363739303432383136643331633861303866653664613836376432663934343635333837
65636437356439633465613338383431343866646630623666633131383333363733366237633032
30656133393433393763653832616166383064663461643165373763303139313064396164356435
38373737393163666239616663346566393138326437386331366238363933333036366161343538
36346363633331653135643537636263313161653632663034663765333262633838663132376133
65383062613562663663623065613761363935326161373237623832623334623766393464336663
37653862313235303332663035313832346366666231643238656138343131383535333831303366
34356231306566396435643962666366336632386330363431383864343766356430323239633636
30306230663637336532393438636335303236343835303931316432643039663931356663386130
30346537346663633035313639383138653664636339336130326635613337373136313239303762
30353533363537343762613535383938633030393765303337653065633431666136643563313133
31393538636230333832656637373961656662663932613736353335343034363164653531613565
62366332313439373361313164323764636232376531333731666266353031633166643866386335
63326335326365346463633462623539613430613762643332636562613162323663316564336334
35376264343631353831656335333437376330646235346566366531306363613733623232376439
34366461626136636132373236366139376164643265623764613438613839663061653565643938
38333238643766633661303865643235303634303965633865653261653031353133343735626537
32336332643632636562396430623637643639313764336564613633303439373536356563383934
36356364373361376131383236383232663730333139373762313066626466356666356135616632
61303965383961653965626335363238393065626161323833613539363633646439373761643161
61333835386666643962316464353164303238376639623961383963386465366133643734633533
33366539623136633039643537613666626162303565323066623730393161313935616235643630
63636465393766646532656564613435393566366638666662303362653732316238303930313531
34633131383935376235633135396262326430323061653165393165323765393161656161323265
66306631333864616261373737636166643333663162393633346135383662323433323934346133
36313438313862353838386632636137313664336335636162656665626561386639623737336339
62333761386162663833313630653130386135363037346532396234666639343735363134363461
34323139666462636436333134363231663861353030396138333635343939346166653935326634
37376630363335366235303038373331366532646366636138643362393437613031393432633765
65373832373762633633663934666234626465333735393665343339303866356161333265383531
32376334383235363161616263313563393939386534363966333463336235653130653066363630
33663434343561353663326238363437363831653038323766353866393462643437656236393432
62386130343634636533663238386265373962663662613034393030383762316666306661613039
33383962643738376163383733373838373162653531343737623463646666363338653262353864
62323762643431343331356330663236653430333364626333396339333234663333346633366433
30333237353234333136363266396437346464363035353035393361306139363939323063303430
36373764356462626663356566383436363464396535363038616663343265376661383130306361
64633432323634636338396233373762323134303033333531623432613532313362623235343036
37663238636530666238663333383762373465633637653333376230383932306434373630343537
65646536316566363032396264646464353537386663323363343632383931353064656163623531
31653130323734316533636266613432636564663334383333356132373566363736333566386638
34346631333730393064366461643633316234643538383833613761613231623862343839383066
65623362613330343266376162373337353832663838323237653531383937356632383431353932
63376235373464373463386163376538653736336666633238343030666564326639383761646537
64303734613139323862633036386333356632306363366266356362623231323634323438623932
62396432666234646431363435656131306363346463306133393034333936613339343931393037
32643836343464373534343431613436663262626230343537636465383462643235616231646336
32326130656163623163623065396262306166633064666462373533616634376237663430626563
65356330623937666636323763666562616232306262336261333832636336646161333664623431
64383563373435326434656562316664346431323131663538353966646263393966333139643861
39616233333237313861306463333861383064373062656433346666353835353066313332633633
61333636376261386136616435626432303038393561656164363461336664316336393862343366
62336639346462643761346461663465653934396165343864623539373661613233363831636339
66666136636662636662376530633665373434643437613036666633326435303262666362346632
36663935376138666539643263393837636137633336343665623635376436336530363762656539
64393564346561316430653961356466316538663530646138393064386164633039616535373936
30636663623939353930376637393463376431633265636238303138306531333131633134343165
37343261663039343837373933646537356338623837353563316338653237343736623062343262
65373536336663623634306664333466306163326265363666323635663164353364376133343735
33373061376266663837396339303433363837363634626638336632353031333936326139663438
33366438353839353536656565313762343737623731393736343838356134666134386430383466
37353762643563353538333734333930323266323439346363653064323961656564346362393864
30636331653064336537646664653438346437623237313831346130336535336532613738393261
36613537366562663735623364623362323965366462333766316261366137373131313264656664
34623139353564353464653962636436306337383431653430643066376338663231323464306431
66633538363137313734653630313530343738323838376564353035363933323066366265656366
36376337623032393533623936373038393463643962343834653165646336643333373435373331
66643334653133656563663234306433333263313838366432393166383238333562393631363163
37356235353332373465393839383335626138646163643334356439356439356334623162366339
38333465623737646466353966386665333062373036356666373761366130316634346635373066
38363532343033663834363134313963303337393536383931386465336534653833383833323361
38303832366664633036363539623036373663363066363839316630313332343130386633636361
38653938343737313962346337653331316237333337353861383938316632383438346535356331
61366633633930303137626466633139363132663630373663386661396133376163396132616332
35383435396134333063343630663138663637303532373833643331663232616263646234343137
65613761653830353739393039313062393239393761346330643433323334323161306161363235
61346162613734313336313861343234333662636134333366326138366361323665643539336230
39643762313733353761356637346535366164356464363934666537313038353130663235373930
38623337663938623261396666666564333237313931636434336662316363363464393032313565
36313137616432623631666133613030656166316465633631363265316364326536666537306538
34346562333631326461393233623836633435366537306161613438393664633435313265643430
35356131343962653231383931323863616235393333613732326438346562303531666439313866
31356131353037376537353136393734636635333136666538633766396362313162383063323135
63303663643065643361396563366437306566656461656536363564623133643737356235376536
33353834396533326165373331333438336231386537653162636333353132623462653232363333
32623062343136373733306137356661373434666233303164623834663764383064623237313363
30613535303565323233613034613536616333373837313133643832363939373663643165313137
61356238306537353766313164336639653034396262616630326263363232663664663030326163
31303564613431313961663335656238643436663039646663373163363435353533363239363861
33366435313265333330623666333333376633373661393735343533633866333239633833393138
65383362666237383365653837323034363332303134613661353438623737336535636338353839
34366139363835336162376634623938316630303939313761373066623337343939623531366662
64613965306565643231363161613434333438663639353333313837613339633065316235393837
65653166393765623237666634323937363630646361623235363838393231346433336533373634
66653436326534653961346236386332396331336364376239356438383531346438346534333038
38363361343162626239653532326262373161616161386534636262323530306532623236383432
33363961663932376432333633386435656332303135316536643931663137613362386537623163
63303561343239633465633438656462646433303233633634666433343535643534656635623466
65303065313437386564366165643961396261383830316138306265343532633330316164373631
62313066656534656364663564386137363563643963633935363238613331383961363031316630
37373662636237643830366561643062313164646636376665623838666364366564306633323536
37643061313030303838383735343331373265353035656564366434623633343434393065623434
62363262346636333232303839616137373166306663636361653630303362666661653162663066
30343332666433363061376134653761626365303562656138316333653065663538376335396635
32306664623031316635663064333736333861653066326262313964636331633034636530323639
38626264343436316364326464643766663635353662616265633539346339306463643763623063
33373264333935386362353366626264336361323234626532353530313463313736633962613731
38663363663035633465313731616433303439303664396639353435343465396164323338386433
63306531656635666532333938393938333761633462376633333833363035316139623162643363
39343432303766653230316431393762663530613664613236346463646236393731313130306534
63306330643765636266383731616361303235366237393130663464666635633532653837386133
64353565393039646264353262386130393133343365633762336239666164383361363635633165
38343733346338623235633735326233386566643932626531653133356464626166623331343936
33343364303464373738393232313265636531663565613232636662303139316265616265383065
32333331336662373062666436616432326362613163643334363363636335333036666661363664
33356662663336636261666562386137313734373533663332343730303833666161633862323762
63656232393531633631376237313363383136633963653333313236323131646364376432393533
62353532636631343836383934366536383065323261653566316130383261303834643762666633
39333533363261306339363834356138306564376462376236666536363432376166306232373339
65643637356538373433326638363266393631373834373935666134353834383437383362623132
65393034333163363166643438396232656534626637333632333965613836386261346464653431
34336436336664393736356635653634313936343137623434313236333037633361373961323236
36303362633435326539646131336331613532613031656665613539656634376133653233346361
39656239356137323863353566653163346362363162643334316431346566353238383337626164
33336539373233666666616532613165303030373439333335366563386263653263303961353538
65306232613931643834346139303833363635623365336237333761353763303139353537363636
62386136366166383662653164373866383861353166306365373730376237663436663964656363
31613138666439366162613437613236313761623664643334616239613561366631636332646231
37393838623465386636336164333937666437373665336639653730633633663864316439333661
35626131646666303464303230333561633739636562653732353832343664386662363963386139
34333335343466393865633237363861663034353630633666663663383931623264353465613832
61313837643632386239663533353637653132653133623235333662666333613538316166653832
38326638663565393366333838376665326630346465333264643939656233383661393539636665
61376632356437656231396262636332613830373263646232666265346265616433316635356465
31393630373139373931333464366166313763366162363038616362393232393435343938303336
34633332636661653939373937643731643637363366303762386231336430646266663930393636
63626332363734383033633763343263633938373035366532666137623934303433613934333665
32323136303733373465363563643262303630333730396238383462363937316536613033373565
61613438663931313633333234336332613566613631323033343166613432323061303334346661
30326637623961663933396635623232396630373663373166386237343364613234663636623162
36383733326664653264356434646233393030383836366638613361313330643136323937623361
63313338386663306532663432343733343464336162316338363233396465323438613062386565
65653035653364616132653138383165663664393062346332376135363739353236656265303532
35633032373030616231393265313438623061373834656533313763366463316137343462313135
63336631656435393666313163373734643565313666396663306138383438343535366165326337
30393230346234366164376632333166343966623335636335383065373865646362623732333231
61643764323364666365313237396665653330393234643133303932383239383232653734353530
33623861356630333361333139613733353939386461363538393765376237373262336631343630
33313531336563326233633637336561363233316365376535663265663236333834343737303666
62316435653439626639643164346164613435323038396163323634663031313838333533353236
65643338366134366538616166666131616166373034373162623062333637306537613434643063
65666232316238313830643861376365633536633336323938313965326132666431323234323630
66306465323934653463366137383639383433653831316338653036336166663363376539363166
36336666366338663039396236343136373866303136323739396331623362316332393063313065
32303466306338353533663937363265306338353863646135333830363532356537333430636464
63313535623635626166623565383231303461613363626338333037633362633938363236626564
36373632333137326237373862376634376364656537616239306561343764613264383730626564
37316232336236396631373337613830316530383633646465653730623764326630353062666330
64633861663565373339356161383166613737613863306266353962323035353664643064346265
64306362643063383733643361393366633033653132333564393039386161393864353861666665
30313466346461363431333337626438303133626531633130623335613631636637363037633639
30323566323238333661666430306161333361363762363963613366353537306634623661353566
63663534303433653261326364383635336266366461643936383630313431663431336136633830
61373035663366363964333730616463353434336135653231396238306262346532313161386630
31383731363633383239356162356362646539363932663132363730323236643935323731613039
33613733633461353364653734636335376435303163663561346464616463383262346534323633
39346538393833636433363332623435633733623961303964363766376239346464313833346130
30623734303033623565383661343162616635386436336165393266356234313561636633666339
33373363653330333363633864353134353262613730373661386634356436646565343832633033
30333666633365653264383831666164383337316631336232393037326265306335346166383232
36663133353266333866663236626636636436623331323662636235656530373335393261643361
61316538373530623563656265626563373830333964666531373865346336666165393538653033
30323563306136653432373037383137656238346562623962376336636235303135663766353737
63313438663833633633386331653639343132666136343533373036613333636236326535346361
38303437653534353239396665663837353566393037633561326531633038366365303233313031
31393064616134633339616462336264303539356232313762333437373666626233373337636464
31623132333964643231653539353934343363636630373739353561616362643238303566653237
30373239373161646537653862613134626138306264643535373830313633386465646231653862
38346266646632363032333365626539373265376662616264646531613739616465346237303832
62616539343930653162666131323065626637303533666132353664353965336638613466306634
38636163623939343066663562343531616232316135373037386666623035383432326137313138
64313264383764353836623339616231613832316532363135616565393131653634303166306135
31623664616166363765633366633632393733303562653431393539386466656230376665653130
33373562373862663930636363323864633330623635636665333637393036353434346533373530
31323165613761613466316431333864666334633063636264663262666162363963343138323336
66613465333965343336343134353834653766343764316233356539626464303134616234373639
38333763303634643565376661333734373564656164316461363261306138373439363562306564
61666631663934626630366266623961653635626632623330663362386533383664623137396465
32656337636536663338326630643162313562613739303032376532353062663866613530316339
38383331323036363361343962306263333237306633396363346437656635306661346137396633
37393933333765393639326231633266326362343239363831366138656130656566323232343735
65303334646131646132373134663933333434633766323737613537646333653263333864363562
30386232346630303261336630383739393461396132633136623135663030373465343138343433
33333230363330333532653534646137613937386665613333376436616266306636643732663930
35653066633031353061323162336462356362353637363030663538613737613464303462353335
62613935316562316561336266346133303137383163326332653934343533316665616431326339
62333139383265666462383966623033616635643538353563306366663439323732626464656162
32313537656333306338313832383635353161373466626536616466633839343234626562326134
65623961313232653538383135373261623931373663663561623863373637313438313334653862
61653661393461366333326335646332643738333730623362356364643633393262383331666161
66343334396337616366343739306564346338383761303532626262653938626665633930643664
34363731363030313631653263663836663031626632613865646139613966363431666539393064
37663162363136646231616264303538646162353765646235333664366239363363376235356333
33343061366366623765373563323237363166356165653335643633646631656264626136663736
31663939333037363566346361653063643430666237666536376261393733653136353534383831
65396138656130663065303463353030353461326361353639386336646239666135393133343937
35353062663466303931346532376634656631393163616537323065326566393139623637323061
33313030333937346162333230333737616638376233353835393037666566666438333732396464
62613338643862613562313036633930333832363864353538373537356236323635643865333766
35336463383234633761386439613961316563636163356561326533613739386534333865633365
64393530613636663665663261313462353465613166653632376264616638636536353938303362
33393661393533663461613233383336383037653735376339313032326430333938333966393735
62363731396565633531383266363635343036363634653533393737663739666366336266653161
36376461326533663166386434616165373932336366653633323765313436353031666635323166
34356665343862613835663438616231316131313436326534343334353532363365316265333661
32653532623061363036383231316162396563333066643933386463643838343439613165326135
33356331333838633835643262333830343966656433666364356536623666653234326430393663
66623934363139613738383937623338303531353133663863373738393466666237333130383837
31376136363030386332666532616134626464623163663366383939323231323263636137366434
65303362353030616338613331363062633363633839633835316239666633643031646531383262
34633334333231376235336130316536373931333363366339396464666432393331653462386566
35376631663630343461326632633135373239313330323865653136663465303764356630643637
30326637363036656232616538303264336639653339666230383238393836393962396438366537
30643634393737333931666638333464386136383535343130396336626136313234386532623435
62343930643333303933623266386663393532646330373439663433303638323636616532363533
35306163356366633962313135363233323134376637303163346363333031346434653661663732
66623264666533396162393333326637376437653961386263613738353731613365376430616366
37353063666134656362326332636231373636393438333863326266626564383338643637383836
63623737316533353833326435396265343332333761346664396362396466353863373261373865
61353461653764663033353732666665353036333138313839343737646432633265326438373030
36616165383331656335363463666437653630666163653035356232323637303638343965383263
39343163653037646666336363633533363534346230356430316638663436656662303434336566
64656639313261643835393334333932656639383537396234663130626431643935376563343264
38336436653631303035363665366432633539626431356438643639316566666361356633373233
36373932306131623062366361656466653430653434346330366635376639326132356130366235
30623866386435653339613430383363376438303766666231643939663837343135643435386361
31633363346266366662393165353136303330306165366636643765646430666662343735393664
34326231653835303061383639663535333033653339353131623438623538633965333932646361
31386163303561643631666533353939396266613235366633633265663765323462616465323066
39353461623962626163393830643534376639346234396638666433373835333864353665396562
61613261613530356132323661366231373831653335386130353265633365363435623764366661
35303734643333353562356332633336356238363335663233613139616564316134666630306236
32393737623661313339323033376339393538643231373039376561613364383837346461643961
61303664303831653936393462623865663738356434346130363834313031343564653833613563
66613237323031653836643965626232663334323362373463653632343931393833363836373437
37663234663162396633316638316537313964343736343733316632666630356532303133346234
36366132623236626665336430666330643134333963643934346336326333646263313738353537
38373264656362323561313665363930383834653332373835623266656431353830656166663632
63346638623234373561326463366538623063373164646136396263313662303435363965623430
32626436386533656461666436386634386265303932666361373938613763316663326136313535
39663539363866383266356136636130323436653661333564633365646365393864396637393934
66393434633162333039323663316430313361636138373464323961623235386461333538626232
63343764346631393437626231353835323934343863383366663431396563326161373538316465
36313938653830663461303062323265346137316139666334613938303832316265356662373566
63326136356334373339313536663261346364343731396431333238626232633961323931396530
65623832363330623962656562613332326435396366323237356135326665613865653439616434
65623865366361653538303130646630653163383862666264333164653662396264636139366161
35373135333536616138333361383133346565636565623138393530393461653139363537633936
64366463343264366432353862656337663564343934643064313062393466313838653064643036
31666531653466653839363233353366376639653139643961656632326262633130366665333130
31356364613161393163613166363832333861366337366137653532343137393035656261313836
66366230363837386534303064313964353333343335623734366335643937383261613064396332
31363038616531663832646639303636643965303835636238636638396565393136313062363637
35373433383030643066616362383233383838366261333632316364333731656531306430613965
35306363386665656666353735316562386462383431316161636336623039613566333335613238
33313635313065656137333564636431363332616534643136623838376231343931393038346336
63343264343664633739653132393031623035326265383332323437623439343239346263363235
65366231373131666337396632396462646264626438646661383635373532313737323031633938
35323334653338636239636638323265313332386633323134633731343231363662343437393136
39626132376134383235346462363231623830323363316236353332656537376238613436636166
32633061343335303438363065666438376466396336313664373438633663663764623063333763
36343066333164303762613261663763303837363433323732633331623232333436343831383830
65653739306662303064383865353361643362626263653965363032373239396639396466303363
30643833646538393166303934623766633762653330626236333931633130326336386662323862
39613531306132613730306537633737353539363466663031646561626533616237653231613733
61643930623237363330626530623735666636393464633165316436393665383536303564356662
37346238363863353731663233316661616563326562393962393130386663373861663236616639
63306663363036613961636366343432633066373364666434373164613234616166363336626366
31646563646162373537386230633561366235306133333834363330656536393961653035386533
33353764636632623538373065343037363433613432616239306630326665346333356335613064
32393962346435616133366130623036333131316230643065376531666233383465663038306463
35343330643434333061386233623738323832323431313162633335306461393865643937353130
34653830623237313938626163386639643430653035333131306363356564653732386630383361
33356339376532306230323333646333393434393266336430373561333864653530663535333735
62663839616634666665653366636137346337653330333739383861613835366432346432353963
31356463353335613135613961643839373565666162353766386138386665363432666261636438
38303662303365663730643539666631376534336531356337316138373534616565623665636130
37386664393335393136346130636566646264306464353535306132303061323135613936613731
36623038646334366462633738396166643031383366386665646536633633636566653436346335
37646565333865386462376330616134393537346361353863306665333235323563656664363065
62656130383934613236663964363739323165396632363532373865323739626265636565356436
61343239346632636136333266623837343063666561343838376430653861393735316535343065
32373737363266353335346261653161323833633435356462656266343933636461643031626165
63653139326230353535646634383061313830623064653733363563383937393761316536333764
32353565353431356364353931383639343736353365393130653266346138393637383136313364
61613032613364666163346335643837343434336164663137633363363236373166333136346435
34366464366235616261613731326230363038393038313661633931393138393164313765376432
36383736616437626436
