$ANSIBLE_VAULT;1.1;AES256
30666464343633643838343830313362353863363632373232366332613938616262646234326533
3661643064633261616532666434643764313932383739640a386638653636343364633364306433
66383038373237666134646539393861333366306465383935613664633338366162613936346133
3632393536376566620a316430376362326534363335353935353235343563663736633363616662
64343165343737353936363737656533626363373862616636316237666661616661323538393533
34373232666161363865653836623439613764343835633730633365363661626632616664363665
65363063643133663032393462653335633738303633323938613934616133623261303338663533
35323035613761303730346438333363363036316338366435656366643236376365336265363334
39313633386537633931643662653164633765653033663134316662333264633439646537626237
65303136626565343733366433396464626434663936613235663766363065373265303162643262
33393532616235376561373135363339633239353038613234376634633635316266376134633762
39623634376635393764616437353765616462643838633337303965636339303438373636653561
31663737353036353435373537633364616536393037653436353332383132316332306661643161
36323631313466313262336239643635613936656561633030393766393334326633346133633536
62633635653539323737313238383662393862626330303738653762333563636339656130313762
36656261393134633232363565666161643132363334366364643865343132623130623236376365
61623166303539633166393033306539326530303630653663653337363235363639356565303162
38323764343138653837626437303366636665343561643362626330393339366435386633353864
64333338363930336362326338633232303666346238306139613764333835386633353234343537
66303236656534643066366165356238616531376133356263616164646338333238323039616638
36313538643832373963383565343531636339333537633961653966313231373665303764386566
36353631633262326139623737333435646466333730346132656661623662623166363633616565
66323232343562396133376661376434353932636464396164333533383439373965626230633335
30333361303933633861646161333935666365663062366161616638373534376234313361396662
34633233333262303761393432623763333236663966616339343335323038353865623134346462
65623637656332326533643234613034386132663335626331333630316566313833376361333838
64323437613261396462613639303531623764333536633565356535616634326437353634363630
38383262666133373666353131633433643565346639623436653061336433663736613637303138
66666632386236363338363435333032353239373339323761383361633631646237313961383534
62356630373836353337386334613261346333613861386238363736323765393331326134333632
34373838616164313664393633656264333236393563633564393537636433656637663263636233
33323238373965363064323961336533643663383263373537626132396365363534653462346462
31663330633134396636656636386333616233663034393965333932316664633833376566646134
30383930646461646233363534636535646334343738326461303839356338353165326435343765
34636666633562346266623165633164386434616333366564373130366339396134323331636537
35333134336232383862316533376531626439386433616562303937623534326263633334333237
36663533393865353330616163363432343739336532643330653762356461376566663935373164
64626335303664613961356630613430346438653165303534323162623634653534373361313964
62386434303932306462666262633932366362313838333663313536616466303332353039643738
64383866636134353562343032626531383630353537363832373033616366613232303731336538
61303963656533663835353765613532386532653530383037643233396465333861386361666335
35353037343739333764363762643631363561353631383736316166663965386162623165366462
39326438326566623932366335343536333635386238333236626332623162393865666433666566
34316632316236626161643166383435316132643634356564373161643936323132313438313433
38396330613239313262333564663039666638663031343832646535316232393164326433346664
61376162353839313339663732393231373035643963656337313761643031643466626139373831
63643730646637386363346433303264386661636464333834376337616233353539656630376530
31346565633030636138313130336464393332646365633736323738663439663234613336373839
30383732306665616263353061376236373664313665313035656262663562646537623836393866
30633931303865303163653663313237316436363961613065633137333165323035393131613238
63636161663262303162353731386631326162643963396632323662646164366563393930636666
65623062623732303434643634386431616461656139656134343931313762396130376131316461
33616131323332353261316337313238363933396462343030646366316664643934636338663763
32643834326666396233346339633139643733633630666330616466613966313735393761656532
31383834373464313437313533336663376331376436613064333532306366653862633464376462
61393338373231643939616436353765663336613638393765646138633230306564623838396437
63633664353633313461633361376163653937313433616533353436373861633864306232663232
36323334636266346466383439393961636136316531643330323032313864333636623634393936
33623537326138653730363733613364396338326362643134353039373835616566373831303735
39616264356633623832636538663965643033336461336135653763636430353837613366323932
39656462393064383639663762376564313464383134306433613534346364323230313933363862
33616436303934346430663838663239613438386334633135646639356530356531613763393539
31383031333265373165393736346335656532636437396136643330366638653535393265636336
33326332313533643631333239626366376337623730623137326261316531616166663362366639
31626363373866306662646531646139646435643737656231626138663635303562626433623239
36653630313631333866323536313832396231663331623564653936333464653832353837363336
32383864363164353165666330373236353632346566306331343936383936393435303435643333
64353766346135636665333734613161343337626532396138383936323666376330646231373238
38346665313463323238653036303231656661623334313463356663323463623337316337643464
62373039653237623162343133373661303734633837326136653265386135336464663534356534
35623735353137643632366161663763363737613839323531383364343230623530626661623465
34343164386437313639613538363764366665356431363566326230333261386564613462313966
35306136363837633133633033306533623633303532393832353935363062643864343162363532
33366662333636646461343031353231383764306138336435663738636236383233376230343836
34613666333865366366333332653765316361383139303863663733653161663864643634316563
31643637366235356666623339376435366436386562343331376266636536373864313736623463
34333262626334333831663832626335383530336363663766653130393564376566383430386363
36353739366439623135343065653439313161363233363831373866656432623163373632326462
33343330303362336431336166396164613866363535336261313236613533636564363633333833
30383163366138303239353764653034663838326431326236383138336537623735356264363633
65313739623166303235333332383431663430353861656135343235353536323662656339303230
37336238353864366637346262343964623037376465323130303633633263376237613430326165
30633532653838303039393465336239326331313665323933643061346133616261373037303732
33653366373033626434306636646239636466326361316537383962393861633064373863393037
34393135333562393031613037333162656562393163623132326633653837656132323237316638
30633531373830383332306664366133376564616362383235323566313139613865353331373466
66316135643732376163633234313262636438633764356532313966383764336239323738366635
33626262353365323864
